0.0 -1.5
2.9179611717838094 -2.0804185646014384
5.391689206547424 -3.733310793452575
7.044581435398562 -6.20703882821619
7.625 -9.125
7.044581435398562 -12.042961171783809
5.391689206547425 -14.516689206547424
2.9179611717838103 -16.169581435398563
0.0 -16.75
-2.9179611717838085 -16.169581435398563
-5.391689206547424 -14.516689206547426
-7.04458143539856 -12.042961171783814
-7.625 -9.125000000000002
-7.044581435398561 -6.207038828216189
-5.391689206547426 -3.733310793452577
-2.9179611717838143 -2.08041856460144
9.81622003293242 5.058988531120921
10.625 9.125
9.81622003293242 13.19101146887908
7.513009550107068 16.638009550107068
4.06601146887908 18.94122003293242
0.0 19.75
-4.066011468879077 18.94122003293242
-7.513009550107067 16.63800955010707
-9.816220032932419 13.191011468879084
-10.625 9.125000000000002
-9.81622003293242 5.058988531120919
7.399324293474371 1.5
-7.399324293474371 1.5
