0.3268831968307495 -1.1738917827606201
-1.1525334119796753 -1.9969159364700317
-5.900404930114746 -2.3402206897735596
-8.883391380310059 -2.4294097423553467
-12.966711044311523 -0.641826331615448
-10.145798683166504 -2.1938440799713135
-11.601767539978027 -2.08394718170166
-15.332985877990723 0.2813912034034729
-17.354297637939453 1.3901865482330322
-14.021564483642578 -1.2353914976119995
-18.44693946838379 0.8630344867706299
-16.3295955657959 -0.6565641760826111
-19.778003692626953 1.821865439414978
-19.4915771484375 -0.148546501994133
-21.66184425354004 0.8516590595245361
-23.89086151123047 1.458184003829956
-26.18446159362793 1.356981635093689
-22.946746826171875 -0.008599130436778069
-29.251571655273438 0.07088511437177658
-24.792482376098633 0.6001318693161011
-26.25160026550293 -0.27382227778434753
-27.968217849731445 -0.24573174118995667
-32.918983459472656 -2.2042438983917236
-30.223678588867188 -1.9839094877243042
-33.687950134277344 -3.130131959915161
-35.93110275268555 -4.750175952911377
-34.73715591430664 -3.957043170928955
-37.01327133178711 -5.344016075134277
-39.00173568725586 -6.509634494781494
-42.365272521972656 -5.485790729522705
-43.20570755004883 -3.7124905586242676
-41.51051712036133 -4.408857822418213
-43.84104919433594 -1.6049182415008545
-44.089195251464844 -0.1322583556175232
-42.07611846923828 -2.931013345718384
-43.64447784423828 2.1680192947387695
-43.12725067138672 0.6784523725509644
-42.70985794067383 -1.1619746685028076
-42.1607666015625 1.746872901916504
-41.732933044433594 -0.1334909349679947
-41.545654296875 6.065809726715088
-41.47811508178711 3.829317331314087
-41.145408630371094 2.386143445968628
-38.608394622802734 9.241440773010254
-39.56026077270508 7.54670524597168
-36.36448287963867 11.668703079223633
-34.05299377441406 13.89472484588623
-37.521976470947266 10.113265037536621
-35.15199661254883 12.684861183166504
-30.24568748474121 16.999446868896484
-32.29139709472656 15.078481674194336
-29.245849609375 17.709545135498047
-26.996652603149414 19.800189971923828
-28.27175521850586 18.634000778198242
-22.18215560913086 23.34836196899414
-25.52508544921875 21.008176803588867
30.672048568725586 23.094385147094727
31.249191284179688 18.57357406616211
30.864511489868164 20.90791893005371
28.864282608032227 16.840076446533203
28.762277603149414 14.423181533813477
28.6599178314209 19.288137435913086
27.93271255493164 12.095592498779297
24.693256378173828 10.20120620727539
25.3523006439209 12.339003562927246
25.31772232055664 14.333890914916992
23.342628479003906 8.418217658996582
21.33740234375 6.875977993011475
-20.775211334228516 24.3829402923584
3.763671636581421 1.5200114250183105
-15.241057395935059 27.000158309936523
-18.058305740356445 25.756921768188477
30.51711082458496 26.192703247070312
-16.51828384399414 26.612890243530273
9.601156234741211 1.7217586040496826
11.672502517700195 2.5336709022521973
7.433316707611084 2.3921780586242676
14.13823127746582 3.1375491619110107
16.87033462524414 3.8146984577178955
18.631641387939453 5.068681240081787
31.784467697143555 27.567256927490234
30.423425674438477 29.805850982666016
29.081514358520508 31.056880950927734
27.585330963134766 31.765512466430664
27.352994918823242 33.057716369628906
24.88983154296875 32.7772331237793
22.88178825378418 31.98625373840332
20.173622131347656 30.657072067260742
18.38351058959961 29.272872924804688
16.29322052001953 27.471315383911133
13.977001190185547 25.348955154418945
17.307952880859375 28.472164154052734
15.328585624694824 26.508251190185547
9.103494644165039 23.58576202392578
12.63798999786377 24.210086822509766
8.205533027648926 24.79379653930664
10.887514114379883 23.118459701538086
6.307839393615723 23.485315322875977
2.461724042892456 23.358627319335938
6.91975736618042 22.01403045654297
5.157246112823486 22.579734802246094
0.2950662672519684 24.542715072631836
4.192690372467041 21.856733322143555
-0.8687106370925903 23.439830780029297
-2.992166042327881 24.808208465576172
0.8254196047782898 22.168787002563477
-4.958410739898682 26.3610782623291
-7.000909328460693 27.724538803100586
-9.826953887939453 28.107038497924805
-12.588647842407227 27.99798011779785
