0.16054879128932953 -4.607978343963623
-3.955378770828247 -4.86486291885376
-6.838372707366943 -5.067965507507324
-1.0422812700271606 -5.101219654083252
-5.11712121963501 -5.4703593254089355
-8.215563774108887 -5.391253471374512
-13.306772232055664 -4.130841255187988
-14.918692588806152 -2.8238627910614014
-11.081342697143555 -5.607687473297119
-16.67133140563965 -1.94121515750885
-15.93795394897461 -3.4465458393096924
-14.255003929138184 -4.939842700958252
-17.731788635253906 -2.6084094047546387
-19.599407196044922 -1.7602134943008423
-16.84825897216797 -4.2473673820495605
-22.052724838256836 -1.2643409967422485
-18.660099029541016 -3.5359785556793213
-22.90681266784668 -2.172745704650879
-20.64731788635254 -2.831224203109741
-21.760730743408203 -3.344062328338623
-26.073400497436523 -2.629119873046875
-23.77470588684082 -3.192526340484619
-29.251588821411133 -4.004572868347168
-26.869749069213867 -3.6262760162353516
-30.17116928100586 -5.08383321762085
-32.365352630615234 -5.923033237457275
-35.373191833496094 -8.345926284790039
-33.4827766418457 -7.3635382652282715
-38.90131378173828 -10.179192543029785
-41.7316780090332 -10.903829574584961
-43.59141540527344 -10.777615547180176
-37.89833450317383 -9.505410194396973
-45.574771881103516 -8.771454811096191
-43.41653823852539 -9.535609245300293
-46.45916748046875 -6.221190929412842
-47.90591812133789 -1.1219688653945923
-47.438499450683594 -3.7148985862731934
-45.82794952392578 -4.919461727142334
-46.433284759521484 -2.8948986530303955
-46.812339782714844 -0.26447051763534546
-45.73139572143555 -1.5921868085861206
-46.40941619873047 3.2014811038970947
-45.754764556884766 5.806831359863281
-45.563079833984375 1.1293141841888428
-45.365264892578125 4.098917484283447
-44.8029899597168 6.593226909637451
-44.51820755004883 4.982293605804443
-42.06361770629883 11.434828758239746
-43.41551971435547 7.83827543258667
-42.13826370239258 10.104070663452148
-40.76393127441406 11.443830490112305
-39.072601318359375 14.545212745666504
-36.24250030517578 16.972909927368164
-40.03792953491211 13.209467887878418
-38.11420440673828 15.411200523376465
-32.53778839111328 19.90154266357422
-34.78931427001953 18.366792678833008
-31.549619674682617 20.801145553588867
-30.617813110351562 21.623857498168945
-28.009302139282227 23.423397064208984
-28.938512802124023 22.568702697753906
-26.55393409729004 24.371585845947266
-21.77682876586914 27.30632209777832
34.30121612548828 21.39185333251953
33.692176818847656 23.890199661254883
34.663570404052734 18.434778213500977
33.877079010009766 15.587738990783691
32.2672004699707 16.893295288085938
31.9735107421875 20.274070739746094
31.799633026123047 14.06667423248291
31.005475997924805 10.99955940246582
29.76116180419922 8.864250183105469
26.46636962890625 6.740950584411621
27.610401153564453 8.853963851928711
28.736255645751953 12.333854675292969
24.333189010620117 4.694488048553467
20.60283088684082 2.122633695602417
-24.058700561523438 26.353696823120117
-17.645748138427734 29.357513427734375
-20.769678115844727 28.06836700439453
-19.67313575744629 28.664976119995117
4.087392330169678 -1.5679360628128052
34.84336471557617 22.49281883239746
34.24848556518555 25.563282012939453
-23.035507202148438 27.02564239501953
12.149943351745605 -1.718024492263794
7.827830791473389 -2.1851015090942383
15.146858215332031 -0.25986015796661377
18.225000381469727 1.001020073890686
19.235881805419922 1.7568191289901733
34.3724365234375 29.511720657348633
28.25239372253418 35.08394241333008
31.225149154663086 33.77359390258789
33.302921295166016 32.177268981933594
24.902280807495117 35.63632583618164
21.36774253845215 35.333457946777344
28.678245544433594 36.32564163208008
18.808427810668945 33.67593765258789
15.718572616577148 31.372541427612305
13.888206481933594 29.692676544189453
17.657745361328125 32.864601135253906
12.043418884277344 28.57037353515625
10.070743560791016 27.45042610168457
7.4040398597717285 27.056116104125977
6.101656436920166 27.976085662841797
9.044221878051758 26.568897247314453
6.357734203338623 26.102676391601562
3.1921603679656982 26.52251625061035
5.373386383056641 25.363792419433594
1.531543493270874 25.300508499145508
-2.110935926437378 28.411874771118164
-0.48823609948158264 26.437551498413086
-4.106065273284912 30.075992584228516
-6.097901344299316 31.322782516479492
-8.249153137207031 31.625137329101562
-10.680314064025879 31.552894592285156
-12.993210792541504 31.320213317871094
-15.724193572998047 30.39565086364746
