10.161623001098633 -0.6081681251525879
5.336614608764648 -0.14360737800598145
1.715837001800537 0.7390809655189514
-1.8808642625808716 1.1069008111953735
-5.348390579223633 2.3441736698150635
-2.944349527359009 1.8141322135925293
-4.289469242095947 1.7779133319854736
-6.638463020324707 3.0116496086120605
-9.013505935668945 4.236001491546631
-7.811708450317383 4.462066650390625
-9.382183074951172 5.939319133758545
-11.486868858337402 7.774108409881592
-13.175053596496582 9.092019081115723
-17.035242080688477 9.69699478149414
-15.78154182434082 10.34328556060791
-19.788164138793945 10.923750877380371
-17.994667053222656 10.761598587036133
-25.809486389160156 8.896281242370605
-23.57340431213379 9.862892150878906
-28.70517921447754 7.97614860534668
-26.835453033447266 8.300549507141113
9.330570220947266 20.503578186035156
7.562604904174805 19.332496643066406
10.59144401550293 21.225191116333008
11.463360786437988 22.026784896850586
12.454550743103027 23.082834243774414
14.728978157043457 23.56987953186035
16.6595516204834 23.775480270385742
17.078798294067383 22.604528427124023
19.152362823486328 23.243133544921875
20.976837158203125 21.857357025146484
23.662212371826172 17.947982788085938
22.751405715942383 20.52860450744629
23.831153869628906 15.306038856506348
24.082731246948242 13.022937774658203
23.1687068939209 11.105178833007812
20.996511459350586 8.414146423339844
14.854307174682617 1.3327929973602295
12.621402740478516 1.2499299049377441
3.8918988704681396 1.3258576393127441
11.090105056762695 1.3982176780700684
8.243369102478027 1.427083969116211
5.464458465576172 18.6065673828125
17.096084594726562 2.3768556118011475
18.856014251708984 3.4353513717651367
20.803911209106445 4.652678966522217
23.288612365722656 7.8873066902160645
23.325786590576172 9.46188735961914
2.7966341972351074 18.821271896362305
3.9033546447753906 19.580358505249023
1.0690479278564453 19.77861976623535
-1.432633876800537 20.77520751953125
-2.8097827434539795 22.041948318481445
-4.5857744216918945 23.76763343811035
-6.331027507781982 25.738685607910156
-8.373812675476074 27.725099563598633
-10.58654499053955 28.282798767089844
-12.433263778686523 27.93556022644043
-14.08438491821289 28.620086669921875
-15.66195011138916 27.62265968322754
-18.68248748779297 28.255151748657227
-19.537261962890625 27.372426986694336
-16.7830753326416 28.432817459106445
-23.25094223022461 25.291658401489258
-25.852420806884766 23.829063415527344
-28.177413940429688 22.506511688232422
-30.56138801574707 20.87084197998047
-32.4171028137207 19.169498443603516
-33.51382064819336 17.72445297241211
-34.21603775024414 15.227648735046387
-33.68215560913086 13.316581726074219
-34.284446716308594 11.859389305114746
-33.64491271972656 10.17017650604248
-33.09883499145508 8.8798828125
