9.735922813415527 -3.988682985305786
8.553431510925293 -3.7062714099884033
5.530976295471191 -6.589301586151123
5.918702602386475 -2.8070900440216064
4.411489963531494 -3.374786376953125
2.1436538696289062 -3.0997588634490967
3.5180466175079346 -5.081461429595947
-1.721671462059021 -2.423292398452759
-2.752849817276001 -1.2825144529342651
-4.887167453765869 -1.276358723640442
-7.983569622039795 -0.047457341104745865
-10.482943534851074 1.9484840631484985
-9.199368476867676 0.9811010956764221
-12.60409927368164 4.475980758666992
-11.560137748718262 3.820730209350586
-14.508523941040039 6.191618919372559
-13.576081275939941 5.437680244445801
-15.741742134094238 6.5304975509643555
-17.00695037841797 6.579992294311523
-18.04911994934082 7.190527439117432
-20.39057159423828 7.099387168884277
-22.83681869506836 6.170591831207275
-25.56105613708496 5.3628363609313965
-22.7519588470459 7.356803894042969
6.880081653594971 23.171911239624023
8.706123352050781 24.598865509033203
8.81006145477295 23.40814971923828
10.031379699707031 24.257461547851562
11.711006164550781 25.536380767822266
14.018020629882812 26.817787170410156
15.04655933380127 26.0283145904541
17.216556549072266 27.02913475036621
23.403722763061523 25.126733779907227
17.853076934814453 25.52634048461914
25.417634963989258 22.669029235839844
20.79815101623535 26.373912811279297
23.459712982177734 23.88145637512207
25.441268920898438 20.426485061645508
26.857236862182617 19.83961296081543
27.174795150756836 17.176321029663086
27.32390594482422 10.46784496307373
27.188016891479492 14.419403076171875
25.919763565063477 13.536822319030762
14.874397277832031 -1.5853679180145264
12.322582244873047 -1.6837494373321533
6.460997581481934 -4.188313961029053
4.029599666595459 -1.7366622686386108
-28.945775985717773 4.856257915496826
4.417726993560791 22.388216018676758
8.17691707611084 -2.0276947021484375
17.283964157104492 -0.5246351361274719
18.507179260253906 -0.5399566292762756
20.966264724731445 0.7762451171875
25.114246368408203 4.387190818786621
26.65403938293457 8.83067798614502
23.74551010131836 3.294837713241577
2.5687789916992188 22.945375442504883
0.08275383710861206 24.091999053955078
-2.0216476917266846 24.91397476196289
-4.776174068450928 29.525480270385742
-3.147148609161377 27.53022575378418
-7.180421352386475 31.356876373291016
-9.456605911254883 32.21459197998047
-11.59174919128418 32.146026611328125
-10.319421768188477 31.012800216674805
-12.143342018127441 30.785572052001953
-16.387563705444336 31.697973251342773
-18.175912857055664 30.56729507446289
-13.331466674804688 32.2358283996582
-19.70191192626953 31.15250587463379
-21.885902404785156 30.269641876220703
-20.687528610229492 30.187538146972656
-24.906070709228516 28.460046768188477
-23.54954719543457 28.830230712890625
-28.051589965820312 26.986013412475586
-26.510295867919922 27.3565731048584
-29.270702362060547 25.923131942749023
-30.523035049438477 25.611007690429688
-31.319169998168945 24.728919982910156
-32.795875549316406 23.251667022705078
-34.459407806396484 22.5174503326416
-34.6848030090332 21.224048614501953
-36.06488800048828 20.53997230529785
-36.547725677490234 18.932973861694336
-37.2599983215332 16.70879554748535
-38.082271575927734 13.50788402557373
-37.93392562866211 11.036252975463867
-37.26603317260742 8.713054656982422
-34.17026901245117 6.012031078338623
-36.256988525390625 6.458157539367676
-34.18182373046875 4.777534008026123
-32.30264663696289 6.1001505851745605
-32.027976989746094 4.838589668273926
-36.25822448730469 4.735549449920654
